0 1 108.0
0 2 67.0
0 13 24.0
0 3 24.0
0 4 23.0
0 5 23.0
0 6 23.0
0 8 23.0
0 9 23.0
0 10 25.0
0 11 24.0
0 12 22.0
0 14 24.0
0 15 23.0
0 16 24.0
0 17 23.0
0 19 24.0
0 20 24.0
0 21 24.0
0 25 24.0
0 26 1.0
0 27 26.0
0 29 25.0
0 31 24.0
0 32 25.0
0 33 24.0
0 35 24.0
0 36 23.0
1 2 52.0
1 13 24.0
1 3 24.0
1 4 21.0
1 5 23.0
1 6 24.0
1 8 24.0
1 9 24.0
1 10 24.0
1 11 24.0
1 12 24.0
1 14 24.0
1 15 23.0
1 16 24.0
1 17 23.0
1 19 24.0
1 20 24.0
1 21 24.0
1 23 2.0
1 25 26.0
1 27 28.0
1 29 28.0
1 31 24.0
1 32 29.0
1 33 25.0
1 35 25.0
1 36 24.0
2 10 1.0
2 20 1.0
2 25 7.0
2 27 2.0
2 33 1.0
2 34 1.0
13 3 34.0
13 4 34.0
13 5 32.0
13 6 31.0
13 8 44.0
13 9 35.0
13 10 32.0
13 11 31.0
13 12 38.0
13 14 28.0
13 15 28.0
13 16 57.0
13 17 32.0
13 18 12.0
13 19 30.0
13 20 35.0
13 21 33.0
13 22 13.0
13 24 2.0
13 25 24.0
13 26 3.0
13 27 28.0
13 29 27.0
13 31 26.0
13 32 28.0
13 33 26.0
13 35 24.0
13 36 33.0
3 4 110.0
3 5 166.0
3 6 225.0
3 8 34.0
3 9 39.0
3 10 33.0
3 11 50.0
3 12 55.0
3 14 29.0
3 15 29.0
3 16 37.0
3 17 27.0
3 18 2.0
3 19 28.0
3 20 39.0
3 21 33.0
3 22 4.0
3 24 1.0
3 25 23.0
3 27 29.0
3 29 28.0
3 31 27.0
3 32 29.0
3 33 24.0
3 35 24.0
3 36 35.0
4 5 89.0
4 6 101.0
4 8 44.0
4 9 48.0
4 10 39.0
4 11 66.0
4 12 94.0
4 14 29.0
4 15 29.0
4 16 34.0
4 17 29.0
4 18 3.0
4 19 27.0
4 20 29.0
4 21 32.0
4 22 14.0
4 25 23.0
4 26 1.0
4 27 28.0
4 29 27.0
4 31 26.0
4 32 28.0
4 33 24.0
4 35 23.0
4 36 37.0
5 6 210.0
5 8 44.0
5 9 41.0
5 10 36.0
5 11 35.0
5 12 55.0
5 14 28.0
5 15 27.0
5 16 36.0
5 17 26.0
5 18 2.0
5 19 28.0
5 20 32.0
5 21 28.0
5 22 6.0
5 25 24.0
5 27 28.0
5 29 27.0
5 31 25.0
5 32 28.0
5 33 25.0
5 35 23.0
5 36 28.0
6 8 38.0
6 9 49.0
6 10 37.0
6 11 45.0
6 12 60.0
6 14 27.0
6 15 27.0
6 16 32.0
6 17 29.0
6 19 27.0
6 20 32.0
6 21 33.0
6 22 6.0
6 25 24.0
6 27 27.0
6 29 27.0
6 31 26.0
6 32 27.0
6 33 24.0
6 35 23.0
6 36 32.0
7 27 4.0
7 29 3.0
7 32 4.0
8 9 63.0
8 10 43.0
8 11 31.0
8 12 48.0
8 14 29.0
8 15 32.0
8 16 36.0
8 17 30.0
8 18 5.0
8 19 28.0
8 20 34.0
8 21 29.0
8 22 10.0
8 24 1.0
8 25 23.0
8 26 2.0
8 27 28.0
8 29 27.0
8 31 28.0
8 32 25.0
8 33 25.0
8 35 23.0
8 36 30.0
9 10 233.0
9 11 44.0
9 12 74.0
9 14 31.0
9 15 29.0
9 16 33.0
9 17 32.0
9 18 3.0
9 19 28.0
9 20 35.0
9 21 30.0
9 22 5.0
9 25 24.0
9 26 1.0
9 27 29.0
9 29 28.0
9 31 26.0
9 32 29.0
9 33 25.0
9 35 24.0
9 36 35.0
10 11 43.0
10 12 50.0
10 14 27.0
10 15 30.0
10 16 33.0
10 17 30.0
10 18 1.0
10 19 27.0
10 20 34.0
10 21 27.0
10 22 2.0
10 25 25.0
10 26 1.0
10 27 28.0
10 29 28.0
10 31 28.0
10 32 28.0
10 33 24.0
10 35 24.0
10 36 35.0
11 12 206.0
11 14 28.0
11 15 34.0
11 16 31.0
11 17 28.0
11 18 2.0
11 19 27.0
11 20 29.0
11 21 29.0
11 22 4.0
11 25 25.0
11 26 1.0
11 27 28.0
11 29 28.0
11 31 26.0
11 32 30.0
11 33 25.0
11 35 24.0
11 36 30.0
12 14 34.0
12 15 34.0
12 16 37.0
12 17 29.0
12 18 1.0
12 19 28.0
12 20 31.0
12 21 32.0
12 22 5.0
12 25 23.0
12 27 26.0
12 29 26.0
12 31 25.0
12 32 26.0
12 33 25.0
12 35 23.0
12 36 33.0
14 15 414.0
14 16 28.0
14 17 28.0
14 18 1.0
14 19 27.0
14 20 28.0
14 21 28.0
14 22 1.0
14 25 24.0
14 27 28.0
14 29 27.0
14 31 144.0
14 32 28.0
14 33 24.0
14 35 24.0
14 36 60.0
15 16 27.0
15 17 29.0
15 19 27.0
15 20 29.0
15 21 28.0
15 22 3.0
15 25 26.0
15 27 28.0
15 29 27.0
15 31 143.0
15 32 28.0
15 33 24.0
15 35 23.0
15 36 64.0
16 17 181.0
16 18 115.0
16 19 163.0
16 20 46.0
16 21 43.0
16 22 29.0
16 24 3.0
16 25 24.0
16 26 3.0
16 27 29.0
16 29 28.0
16 31 25.0
16 32 29.0
16 33 25.0
16 35 23.0
16 36 29.0
17 18 126.0
17 19 356.0
17 20 90.0
17 21 69.0
17 22 71.0
17 25 24.0
17 26 62.0
17 27 28.0
17 28 1.0
17 29 27.0
17 31 24.0
17 32 28.0
17 33 24.0
17 35 23.0
17 36 27.0
18 19 160.0
18 20 20.0
18 21 19.0
18 22 34.0
18 26 6.0
18 31 1.0
18 36 2.0
19 20 38.0
19 21 44.0
19 22 18.0
19 24 1.0
19 25 24.0
19 26 1.0
19 27 28.0
19 28 1.0
19 29 28.0
19 31 24.0
19 32 28.0
19 33 24.0
19 35 24.0
19 36 28.0
20 21 262.0
20 22 90.0
20 24 1.0
20 25 24.0
20 26 2.0
20 27 28.0
20 29 28.0
20 31 26.0
20 32 29.0
20 33 25.0
20 35 24.0
20 36 33.0
21 22 96.0
21 24 1.0
21 25 24.0
21 26 1.0
21 27 28.0
21 28 1.0
21 29 28.0
21 31 26.0
21 32 29.0
21 33 25.0
21 35 24.0
21 36 31.0
22 24 1.0
22 26 4.0
22 28 1.0
22 31 2.0
22 32 1.0
22 33 1.0
22 35 1.0
22 36 7.0
23 24 9.0
23 25 2.0
23 27 1.0
23 28 123.0
23 33 2.0
23 34 9.0
24 25 193.0
24 26 2.0
24 28 16.0
24 32 1.0
24 33 1.0
24 34 2.0
25 27 28.0
25 28 36.0
25 29 27.0
25 31 24.0
25 32 29.0
25 33 23.0
25 34 1.0
25 35 24.0
25 36 24.0
26 27 1.0
26 32 1.0
26 34 1.0
27 29 192.0
27 30 31.0
27 31 28.0
27 32 35.0
27 33 54.0
27 34 2.0
27 35 30.0
27 36 28.0
28 32 1.0
28 33 2.0
28 34 5.0
29 30 7.0
29 31 28.0
29 32 43.0
29 33 28.0
29 34 8.0
29 35 29.0
29 36 27.0
30 32 3.0
30 33 7.0
30 34 5.0
31 32 28.0
31 33 32.0
31 35 94.0
31 36 40.0
32 33 186.0
32 34 1.0
32 35 33.0
32 36 36.0
33 34 3.0
33 35 27.0
33 36 32.0
35 36 23.0
