0 1 269.0
0 2 3.0
0 11 1.0
0 20 1.0
0 22 1.0
0 23 4.0
0 24 115.0
0 25 1.0
0 27 2.0
0 31 1.0
0 32 1.0
0 33 4.0
0 35 1.0
0 36 1.0
0 37 1.0
0 38 1.0
0 41 2.0
0 43 1.0
0 45 2.0
1 2 3.0
1 11 1.0
1 13 1.0
1 20 1.0
1 22 9.0
1 23 12.0
1 24 107.0
1 25 3.0
1 27 5.0
1 31 1.0
1 33 6.0
1 35 1.0
1 37 2.0
1 38 1.0
1 41 1.0
1 42 1.0
1 43 11.0
1 44 1.0
1 45 3.0
2 3 6.0
2 4 8.0
2 6 1.0
2 7 7.0
2 8 1.0
2 15 2.0
2 16 1.0
2 21 1.0
2 24 3.0
2 25 86.0
2 26 7.0
2 27 32.0
2 28 111.0
2 29 130.0
2 30 31.0
2 31 35.0
2 33 10.0
2 35 1.0
2 36 10.0
2 37 10.0
2 41 16.0
2 42 156.0
2 44 2.0
2 46 1.0
3 4 4.0
3 5 4.0
3 6 8.0
3 7 82.0
3 8 6.0
3 25 3.0
3 26 143.0
3 28 21.0
3 29 18.0
3 30 15.0
3 31 8.0
3 36 3.0
3 37 2.0
3 38 1.0
3 44 1.0
3 45 1.0
3 47 1.0
3 48 1.0
4 5 46.0
4 6 27.0
4 7 30.0
4 8 3.0
4 26 18.0
4 27 9.0
4 28 9.0
4 29 11.0
4 30 11.0
4 31 15.0
4 33 8.0
4 36 7.0
4 37 12.0
4 38 1.0
4 40 1.0
5 6 53.0
5 7 7.0
5 8 24.0
5 26 10.0
5 27 4.0
5 28 12.0
5 29 11.0
5 30 2.0
5 31 13.0
5 33 2.0
5 38 1.0
6 7 2.0
6 8 184.0
6 25 4.0
6 26 8.0
6 28 1.0
6 30 1.0
6 36 1.0
6 38 1.0
6 44 89.0
6 45 128.0
6 46 1.0
7 8 3.0
7 25 4.0
7 26 190.0
7 27 5.0
7 28 7.0
7 29 7.0
7 30 14.0
7 31 8.0
7 33 6.0
7 36 3.0
7 37 2.0
8 25 3.0
8 26 3.0
8 28 1.0
8 38 1.0
8 44 107.0
8 45 113.0
9 12 17.0
9 13 17.0
9 14 17.0
9 15 17.0
9 16 18.0
9 18 2.0
9 19 17.0
9 20 17.0
9 21 17.0
9 27 1.0
9 30 1.0
9 41 1.0
9 42 1.0
10 11 121.0
10 13 5.0
10 14 19.0
10 16 31.0
10 17 15.0
10 18 13.0
10 19 1.0
10 20 5.0
10 21 1.0
10 22 12.0
10 23 21.0
10 24 1.0
10 27 2.0
10 28 2.0
10 29 2.0
10 31 3.0
10 33 10.0
10 34 80.0
10 35 121.0
10 36 53.0
10 37 45.0
10 38 17.0
10 39 32.0
10 40 5.0
10 41 2.0
10 43 8.0
11 12 1.0
11 13 7.0
11 14 13.0
11 16 14.0
11 17 13.0
11 18 5.0
11 19 1.0
11 20 7.0
11 21 5.0
11 22 37.0
11 23 28.0
11 25 1.0
11 31 1.0
11 34 79.0
11 35 79.0
11 36 46.0
11 37 33.0
11 38 33.0
11 39 18.0
11 40 2.0
11 41 4.0
11 43 33.0
12 13 32.0
12 14 139.0
12 15 23.0
12 16 22.0
12 17 1.0
12 18 4.0
12 19 22.0
12 20 22.0
12 21 151.0
12 27 1.0
12 30 1.0
12 37 3.0
12 41 1.0
12 42 1.0
13 14 33.0
13 15 17.0
13 16 82.0
13 17 66.0
13 18 21.0
13 19 60.0
13 20 300.0
13 21 158.0
13 22 2.0
13 25 1.0
13 27 2.0
13 28 3.0
13 29 3.0
13 30 2.0
13 31 2.0
13 35 3.0
13 36 1.0
13 38 2.0
13 39 1.0
13 41 1.0
13 43 2.0
14 15 24.0
14 16 35.0
14 17 11.0
14 18 31.0
14 19 26.0
14 20 23.0
14 21 108.0
14 27 1.0
14 30 1.0
14 37 2.0
14 41 1.0
14 42 1.0
15 16 18.0
15 17 2.0
15 19 22.0
15 20 19.0
15 21 28.0
15 28 1.0
15 30 1.0
15 37 2.0
15 41 1.0
16 17 204.0
16 18 114.0
16 19 71.0
16 20 61.0
16 21 46.0
16 27 1.0
16 30 1.0
16 31 1.0
16 34 2.0
16 35 2.0
16 37 1.0
16 38 1.0
16 41 2.0
16 43 1.0
17 18 99.0
17 19 46.0
17 20 40.0
17 21 23.0
17 28 1.0
18 19 6.0
18 20 17.0
18 21 4.0
19 20 35.0
19 21 37.0
19 27 1.0
19 30 1.0
19 41 1.0
20 21 194.0
20 22 1.0
20 27 2.0
20 28 1.0
20 29 1.0
20 30 1.0
20 31 4.0
20 34 1.0
20 35 2.0
20 37 2.0
20 38 2.0
20 41 1.0
20 43 1.0
21 27 2.0
21 30 2.0
21 37 3.0
21 42 1.0
22 23 292.0
22 24 1.0
22 25 1.0
22 27 2.0
22 31 1.0
22 33 2.0
22 34 120.0
22 35 173.0
22 36 84.0
22 37 71.0
22 38 158.0
22 39 78.0
22 40 70.0
22 41 3.0
22 43 349.0
22 44 1.0
22 45 1.0
23 24 1.0
23 25 1.0
23 27 2.0
23 31 1.0
23 34 117.0
23 35 114.0
23 36 67.0
23 37 58.0
23 38 140.0
23 39 85.0
23 40 46.0
23 41 2.0
23 43 277.0
23 45 2.0
24 27 2.0
24 31 5.0
24 32 10.0
24 33 29.0
24 38 1.0
24 39 1.0
24 43 1.0
25 26 5.0
25 27 49.0
25 28 81.0
25 29 98.0
25 30 15.0
25 31 57.0
25 32 1.0
25 33 23.0
25 34 1.0
25 35 4.0
25 36 1.0
25 37 7.0
25 39 1.0
25 41 65.0
25 42 38.0
25 44 2.0
25 45 5.0
26 27 8.0
26 28 19.0
26 29 14.0
26 30 13.0
26 31 8.0
26 33 7.0
26 36 2.0
26 37 2.0
27 28 2.0
27 29 11.0
27 30 5.0
27 31 8.0
27 32 1.0
27 33 32.0
27 34 5.0
27 35 3.0
27 36 2.0
27 37 4.0
27 39 2.0
27 40 3.0
27 41 42.0
27 42 30.0
27 43 2.0
27 44 5.0
27 45 4.0
28 29 333.0
28 30 16.0
28 31 54.0
28 32 4.0
28 33 21.0
28 36 6.0
28 37 6.0
28 39 1.0
28 41 15.0
28 42 57.0
28 46 1.0
29 30 19.0
29 31 73.0
29 32 2.0
29 33 24.0
29 36 8.0
29 37 4.0
29 39 2.0
29 41 13.0
29 42 53.0
29 44 1.0
29 46 1.0
30 31 64.0
30 33 11.0
30 36 7.0
30 37 8.0
30 42 4.0
30 43 1.0
30 44 1.0
31 32 26.0
31 33 114.0
31 34 1.0
31 35 1.0
31 36 6.0
31 37 7.0
31 38 1.0
31 41 10.0
31 42 4.0
31 44 1.0
31 45 2.0
32 33 47.0
33 34 4.0
33 36 1.0
33 37 1.0
33 41 21.0
33 42 2.0
33 43 1.0
34 35 362.0
34 36 300.0
34 37 195.0
34 38 74.0
34 39 307.0
34 40 19.0
34 41 8.0
34 43 131.0
34 44 1.0
35 36 286.0
35 37 189.0
35 38 72.0
35 39 296.0
35 40 25.0
35 41 6.0
35 43 135.0
35 44 1.0
36 37 207.0
36 38 34.0
36 39 337.0
36 40 9.0
36 41 34.0
36 43 90.0
37 38 45.0
37 39 198.0
37 40 6.0
37 41 25.0
37 42 6.0
37 43 64.0
37 45 1.0
38 39 52.0
38 40 140.0
38 41 1.0
38 43 169.0
39 40 9.0
39 41 23.0
39 43 97.0
39 44 1.0
40 43 62.0
41 42 146.0
41 43 1.0
43 44 1.0
43 45 1.0
44 45 188.0
46 47 57.0
46 48 39.0
47 48 307.0
47 52 1.0
48 52 1.0
49 50 395.0
49 51 393.0
49 52 288.0
50 51 392.0
50 52 285.0
51 52 298.0
