0	6	0
0	8	3140
0	9	0
0	10	0
0	11	0
0	12	0
0	13	0
0	14	2337
0	15	0
0	7	0
0	19	1020
0	20	0
0	21	0
0	22	0
0	0	0
0	1	0
0	2	0
0	3	0
0	4	0
0	5	0
0	16	0
0	17	0
0	18	0
1	6	0
1	8	0
1	9	975
1	10	0
1	11	0
1	12	0
1	13	0
1	14	934
1	15	0
1	7	0
1	19	0
1	20	0
1	21	0
1	22	0
1	0	0
1	1	0
1	2	0
1	3	0
1	4	0
1	5	0
1	16	0
1	17	0
1	18	0
2	6	321
2	8	0
2	9	861
2	10	0
2	11	0
2	12	0
2	13	0
2	14	496
2	15	510
2	7	0
2	19	0
2	20	0
2	21	0
2	22	0
2	0	0
2	1	0
2	2	0
2	3	0
2	4	0
2	5	0
2	16	0
2	17	0
2	18	0
3	6	0
3	8	0
3	9	5422
3	10	0
3	11	0
3	12	0
3	13	713
3	14	1993
3	15	0
3	7	0
3	19	0
3	20	0
3	21	570
3	22	0
3	0	0
3	1	0
3	2	0
3	3	0
3	4	0
3	5	0
3	16	0
3	17	0
3	18	0
4	6	1376
4	8	0
4	9	1065
4	10	0
4	11	0
4	12	0
4	13	339
4	14	1280
4	15	0
4	7	0
4	19	1740
4	20	0
4	21	0
4	22	0
4	0	0
4	1	0
4	2	0
4	3	0
4	4	0
4	5	0
4	16	0
4	17	0
4	18	0
5	6	0
5	8	0
5	9	0
5	10	0
5	11	0
5	12	0
5	13	0
5	14	0
5	15	0
5	7	0
5	19	0
5	20	0
5	21	6190
5	22	0
5	0	0
5	1	0
5	2	0
5	3	0
5	4	0
5	5	0
5	16	0
5	17	0
5	18	0
6	6	0
6	8	2140
6	9	836
6	10	2040
6	11	800
6	12	1344
6	13	1195
6	14	2843
6	15	124
6	7	0
6	19	1023
6	20	194
6	21	0
6	22	0
6	0	0
6	1	0
6	2	321
6	3	0
6	4	1376
6	5	0
6	16	5754
6	17	1544
6	18	573
7	6	0
7	8	0
7	9	0
7	10	810
7	11	1679
7	12	0
7	13	0
7	14	0
7	15	0
7	7	0
7	19	0
7	20	946
7	21	0
7	22	448
7	0	0
7	1	0
7	2	0
7	3	0
7	4	0
7	5	0
7	16	0
7	17	0
7	18	940
8	6	2140
8	8	0
8	9	4180
8	10	960
8	11	900
8	12	1040
8	13	460
8	14	220
8	15	160
8	7	0
8	19	0
8	20	270
8	21	0
8	22	0
8	0	3140
8	1	0
8	2	0
8	3	0
8	4	0
8	5	0
8	16	2712
8	17	0
8	18	0
9	6	836
9	8	4180
9	9	0
9	10	7890
9	11	2846
9	12	1617
9	13	362
9	14	888
9	15	0
9	7	0
9	19	244
9	20	364
9	21	596
9	22	0
9	0	0
9	1	975
9	2	861
9	3	5422
9	4	1065
9	5	0
9	16	4742
9	17	3179
9	18	0
10	6	2040
10	8	960
10	9	7890
10	10	0
10	11	4260
10	12	1660
10	13	5980
10	14	900
10	15	480
10	7	810
10	19	340
10	20	1380
10	21	0
10	22	130
10	0	0
10	1	0
10	2	0
10	3	0
10	4	0
10	5	0
10	16	0
10	17	670
10	18	620
11	6	800
11	8	900
11	9	2846
11	10	4260
11	11	0
11	12	1811
11	13	1360
11	14	711
11	15	951
11	7	1679
11	19	612
11	20	659
11	21	187
11	22	0
11	0	0
11	1	0
11	2	0
11	3	0
11	4	0
11	5	0
11	16	670
11	17	892
11	18	1238
12	6	1344
12	8	1040
12	9	1617
12	10	1660
12	11	1811
12	12	0
12	13	2309
12	14	0
12	15	1351
12	7	0
12	19	165
12	20	0
12	21	0
12	22	588
12	0	0
12	1	0
12	2	0
12	3	0
12	4	0
12	5	0
12	16	2363
12	17	248
12	18	741
13	6	1195
13	8	460
13	9	362
13	10	5980
13	11	1360
13	12	2309
13	13	0
13	14	230
13	15	550
13	7	0
13	19	855
13	20	1672
13	21	765
13	22	312
13	0	0
13	1	0
13	2	0
13	3	713
13	4	339
13	5	0
13	16	0
13	17	0
13	18	0
14	6	2843
14	8	220
14	9	888
14	10	900
14	11	711
14	12	0
14	13	230
14	14	0
14	15	0
14	7	0
14	19	142
14	20	0
14	21	1146
14	22	0
14	0	2337
14	1	934
14	2	496
14	3	1993
14	4	1280
14	5	0
14	16	304
14	17	910
14	18	0
15	6	124
15	8	160
15	9	0
15	10	480
15	11	951
15	12	1351
15	13	550
15	14	0
15	15	0
15	7	0
15	19	136
15	20	0
15	21	0
15	22	0
15	0	0
15	1	0
15	2	510
15	3	0
15	4	0
15	5	0
15	16	0
15	17	0
15	18	4989
16	6	5754
16	8	2712
16	9	4742
16	10	0
16	11	670
16	12	2363
16	13	0
16	14	304
16	15	0
16	7	0
16	19	2650
16	20	1890
16	21	0
16	22	0
16	0	0
16	1	0
16	2	0
16	3	0
16	4	0
16	5	0
16	16	0
16	17	0
16	18	0
17	6	1544
17	8	0
17	9	3179
17	10	0
17	11	892
17	12	248
17	13	0
17	14	910
17	15	0
17	7	0
17	19	1250
17	20	520
17	21	0
17	22	0
17	0	0
17	1	0
17	2	0
17	3	0
17	4	0
17	5	0
17	16	0
17	17	0
17	18	0
18	6	573
18	8	0
18	9	0
18	10	0
18	11	1238
18	12	741
18	13	0
18	14	0
18	15	4989
18	7	940
18	19	0
18	20	0
18	21	0
18	22	0
18	0	0
18	1	0
18	2	0
18	3	0
18	4	0
18	5	0
18	16	0
18	17	0
18	18	0
19	6	1023
19	8	0
19	9	244
19	10	340
19	11	612
19	12	165
19	13	855
19	14	142
19	15	136
19	7	0
19	19	0
19	20	0
19	21	204
19	22	0
19	0	1020
19	1	0
19	2	0
19	3	0
19	4	1740
19	5	0
19	16	2650
19	17	1250
19	18	0
20	6	194
20	8	270
20	9	364
20	10	1380
20	11	659
20	12	0
20	13	1672
20	14	0
20	15	0
20	7	946
20	19	0
20	20	0
20	21	0
20	22	0
20	0	0
20	1	0
20	2	0
20	3	0
20	4	0
20	5	0
20	16	1890
20	17	520
20	18	0
21	6	0
21	8	0
21	9	596
21	10	0
21	11	187
21	12	0
21	13	765
21	14	1146
21	15	0
21	7	0
21	19	204
21	20	0
21	21	0
21	22	0
21	0	0
21	1	0
21	2	0
21	3	570
21	4	0
21	5	6190
21	16	0
21	17	0
21	18	0
22	6	0
22	8	0
22	9	0
22	10	130
22	11	0
22	12	588
22	13	312
22	14	0
22	15	0
22	7	448
22	19	0
22	20	0
22	21	0
22	22	0
22	0	0
22	1	0
22	2	0
22	3	0
22	4	0
22	5	0
22	16	0
22	17	0
22	18	0
